{
 "cells": [
  {
   "cell_type": "code",
   "execution_count": 1,
   "metadata": {},
   "outputs": [
    {
     "name": "stdout",
     "output_type": "stream",
     "text": [
      "Ma trận A (6x6):\n",
      "[[ 0.  1.  2.  3.  4.  5.]\n",
      " [ 6.  7.  8.  9. 10. 11.]\n",
      " [12. 13. 14. 15. 16. 17.]\n",
      " [18. 19. 20. 21. 22. 23.]\n",
      " [24. 25. 26. 27. 28. 29.]\n",
      " [30. 31. 32. 33. 34. 35.]]\n",
      "\n",
      "Ma trận đơn vị I6 (6x6):\n",
      "[[1. 0. 0. 0. 0. 0.]\n",
      " [0. 1. 0. 0. 0. 0.]\n",
      " [0. 0. 1. 0. 0. 0.]\n",
      " [0. 0. 0. 1. 0. 0.]\n",
      " [0. 0. 0. 0. 1. 0.]\n",
      " [0. 0. 0. 0. 0. 1.]]\n",
      "\n",
      "Số phần tử của ma trận A: 36\n",
      "\n",
      "Đường chéo của ma trận A:\n",
      "[ 0.  7. 14. 21. 28. 35.]\n",
      "\n",
      "Ma trận A sau khi cộng ma trận đơn vị I6:\n",
      "[[ 1.  1.  2.  3.  4.  5.]\n",
      " [ 6.  8.  8.  9. 10. 11.]\n",
      " [12. 13. 15. 15. 16. 17.]\n",
      " [18. 19. 20. 22. 22. 23.]\n",
      " [24. 25. 26. 27. 29. 29.]\n",
      " [30. 31. 32. 33. 34. 36.]]\n",
      "\n",
      "Vector vecB:\n",
      "[1. 2. 3. 4. 5. 6.]\n",
      "\n",
      "Tích ma trận A x vector vecB:\n",
      "[ 71. 198. 325. 452. 579. 706.]\n",
      "\n",
      "Ma trận D (2x6):\n",
      "[[1. 2. 3. 4. 5. 6.]\n",
      " [1. 0. 1. 0. 1. 0.]]\n",
      "\n",
      "Ma trận F (6x2):\n",
      "[[1. 1.]\n",
      " [2. 0.]\n",
      " [3. 1.]\n",
      " [4. 0.]\n",
      " [5. 1.]\n",
      " [6. 0.]]\n",
      "\n",
      "Tích ma trận A x F:\n",
      "[[ 71.   7.]\n",
      " [198.  24.]\n",
      " [325.  43.]\n",
      " [452.  60.]\n",
      " [579.  79.]\n",
      " [706.  96.]]\n",
      "\n",
      "Ma trận nghịch đảo của A:\n",
      "[[ 0.37022901 -0.45610687 -0.28244275 -0.10877863  0.0648855   0.23854962]\n",
      " [-0.44656489  0.65839695 -0.23664122 -0.13167939 -0.02671756  0.07824427]\n",
      " [-0.26335878 -0.22709924  0.80916031 -0.15458015 -0.11832061 -0.08206107]\n",
      " [-0.08015267 -0.11259542 -0.14503817  0.82251908 -0.20992366 -0.24236641]\n",
      " [ 0.10305344  0.0019084  -0.09923664 -0.20038168  0.69847328 -0.40267176]\n",
      " [ 0.28625954  0.11641221 -0.05343511 -0.22328244 -0.39312977  0.4370229 ]]\n",
      "\n",
      "Tính np.linalg.inv(np.linalg.inv(A)) (nếu A khả nghịch):\n",
      "Kết quả:\n",
      "[[ 1.  1.  2.  3.  4.  5.]\n",
      " [ 6.  8.  8.  9. 10. 11.]\n",
      " [12. 13. 15. 15. 16. 17.]\n",
      " [18. 19. 20. 22. 22. 23.]\n",
      " [24. 25. 26. 27. 29. 29.]\n",
      " [30. 31. 32. 33. 34. 36.]]\n",
      "Giá trị này phải bằng ma trận A gốc vì nghịch đảo của nghịch đảo ma trận là chính ma trận đó.\n",
      "\n"
     ]
    }
   ],
   "source": [
    "import numpy as np\n",
    "\n",
    "A = np.reshape(np.arange(36.0), (6,6))\n",
    "print(\"Ma trận A (6x6):\")\n",
    "print(A)\n",
    "print()\n",
    "\n",
    "I6 = np.identity(6)\n",
    "print(\"Ma trận đơn vị I6 (6x6):\")\n",
    "print(I6)\n",
    "print()\n",
    "\n",
    "print(\"Số phần tử của ma trận A:\", A.size)\n",
    "print()\n",
    "\n",
    "print(\"Đường chéo của ma trận A:\")\n",
    "print(np.diagonal(A))\n",
    "print()\n",
    "\n",
    "A = A + I6\n",
    "print(\"Ma trận A sau khi cộng ma trận đơn vị I6:\")\n",
    "print(A)\n",
    "print()\n",
    "\n",
    "vecB = np.array([1., 2., 3., 4., 5., 6.])\n",
    "print(\"Vector vecB:\")\n",
    "print(vecB)\n",
    "print()\n",
    "\n",
    "C = A.dot(vecB)\n",
    "print(\"Tích ma trận A x vector vecB:\")\n",
    "print(C)\n",
    "print()\n",
    "\n",
    "D = np.array([\n",
    "    [1., 2., 3., 4., 5., 6.],\n",
    "    [1., 0., 1., 0., 1., 0.]\n",
    "])\n",
    "print(\"Ma trận D (2x6):\")\n",
    "print(D)\n",
    "print()\n",
    "\n",
    "F = np.array([\n",
    "    [1., 1.],\n",
    "    [2., 0.],\n",
    "    [3., 1.],\n",
    "    [4., 0.],\n",
    "    [5., 1.],\n",
    "    [6., 0.]\n",
    "])\n",
    "print(\"Ma trận F (6x2):\")\n",
    "print(F)\n",
    "print()\n",
    "\n",
    "G = A.dot(F)\n",
    "print(\"Tích ma trận A x F:\")\n",
    "print(G)\n",
    "print()\n",
    "\n",
    "try:\n",
    "    A_inv = np.linalg.inv(A)\n",
    "    print(\"Ma trận nghịch đảo của A:\")\n",
    "    print(A_inv)\n",
    "except np.linalg.LinAlgError:\n",
    "    print(\"Ma trận A không khả nghịch (không tồn tại ma trận nghịch đảo)\")\n",
    "print()\n",
    "\n",
    "print(\"Tính np.linalg.inv(np.linalg.inv(A)) (nếu A khả nghịch):\")\n",
    "try:\n",
    "    double_inv = np.linalg.inv(np.linalg.inv(A))\n",
    "    print(\"Kết quả:\")\n",
    "    print(double_inv)\n",
    "    print(\"Giá trị này phải bằng ma trận A gốc vì nghịch đảo của nghịch đảo ma trận là chính ma trận đó.\")\n",
    "except np.linalg.LinAlgError:\n",
    "    print(\"Không thể tính vì A hoặc nghịch đảo của A không khả nghịch.\")\n",
    "print()\n"
   ]
  }
 ],
 "metadata": {
  "kernelspec": {
   "display_name": "Python 3",
   "language": "python",
   "name": "python3"
  },
  "language_info": {
   "codemirror_mode": {
    "name": "ipython",
    "version": 3
   },
   "file_extension": ".py",
   "mimetype": "text/x-python",
   "name": "python",
   "nbconvert_exporter": "python",
   "pygments_lexer": "ipython3",
   "version": "3.8.5"
  },
  "orig_nbformat": 4,
  "vscode": {
   "interpreter": {
    "hash": "9650cb4e16cdd4a8e8e2d128bf38d875813998db22a3c986335f89e0cb4d7bb2"
   }
  }
 },
 "nbformat": 4,
 "nbformat_minor": 2
}
